0 1
0 4
0 5
0 28
0 29
1 0
1 4
1 5
1 11
1 12
1 17
1 18
1 21
1 22
1 28
2 0
2 4
2 6
2 8
2 9
2 10
2 11
2 13
2 14
2 17
2 19
2 20
2 21
2 22
2 24
2 28
2 29
3 0
3 4
3 7
3 8
3 11
3 13
3 14
3 16
3 17
3 19
3 21
3 22
3 24
3 28
3 29
4 0
4 1
4 5
4 29
5 4
5 11
5 12
5 17
5 18
5 21
5 22
5 29
6 2
6 3
6 13
6 14
6 15
6 16
6 17
6 19
6 21
6 22
6 24
6 25
6 26
6 27
6 29
7 3
7 8
7 10
7 13
7 19
7 20
7 21
7 22
7 23
7 29
8 9
8 10
8 20
9 20
10 9
10 20
11 8
11 9
11 10
11 12
11 13
11 19
11 20
11 21
11 22
11 23
11 25
11 27
12 2
12 3
12 7
12 8
12 9
12 10
12 11
12 13
12 20
12 22
12 25
12 27
13 2
13 3
13 7
13 8
13 9
13 10
13 11
13 15
13 19
13 20
13 21
13 25
13 27
14 15
14 16
14 24
14 25
14 27
15 14
15 24
16 24
17 13
17 14
17 15
17 16
17 18
17 19
17 21
17 22
17 24
17 25
17 26
17 27
18 2
18 3
18 6
18 14
18 15
18 16
18 17
18 19
18 24
18 25
18 27
19 2
19 3
19 6
19 13
19 14
19 15
19 16
19 17
19 22
19 24
19 25
19 27
20 8
20 9
21 0
21 4
21 8
21 11
21 13
21 14
21 17
21 19
21 22
21 25
22 0
22 3
22 4
22 8
22 11
22 13
22 17
22 19
22 21
22 23
23 2
23 8
23 11
23 13
23 19
23 21
23 22
23 25
23 26
23 27
24 14
25 14
25 15
25 16
26 0
26 2
26 3
26 13
26 14
26 17
26 19
26 21
26 22
26 27
27 9
27 10
28 1
28 2
28 5
28 6
28 12
28 18
29 1
29 2
29 3
29 5
29 12
29 18
